 TIME [sec]:    1800.00784651114     
 
  No    Distance     Area    W.Depth   W.El.    Botton El.  delta fondo Discharge    Vel.    Froude      Qs           U*      Franco
           [m]       [m^2]     [m]      [m]           [m]       [m]     [m^3/s]      [m/s]                l/s                    [m]
 
 tratto            1
   0   513.530        9.16    0.535   743.591      743.056       0.33      21.250   2.321     0.817    ********       0.261       3.679
   1   495.530        9.41    0.537   743.137      742.600       0.02      21.250   2.321     0.984      42.255       0.228       3.453
   2   474.530        9.46    0.525   742.941      742.415       0.02      21.257   2.257     0.990      32.852       0.217       2.859
   3   453.530        9.23    0.506   742.740      742.233       0.01      21.263   2.254     1.033      28.702       0.209       2.270
   4   452.030        9.15    0.502   742.711      742.210       0.00      21.266   2.306     1.048      27.866       0.213       2.239
   5   450.860        8.91    0.489   742.693      742.205       0.00      21.267   2.331     1.089      27.815       0.216       2.217
   6   449.850        8.54    0.468   742.668      742.200       0.00      21.267   2.396     1.162      27.793       0.156       2.242
 tratto            2
   0   448.330        6.50    0.359   740.994      740.636      -0.31      21.267   2.439     1.182    ********       0.338       3.866
   1   446.830        9.06    0.499   740.887      740.388      -0.54      21.226   3.141     1.058      32.558       0.296       3.923
   2   427.330        9.06    0.503   740.856      740.353      -0.22      21.235   2.343     1.055      33.786       0.240       3.324
   3   404.830        8.69    0.488   740.572      740.085      -0.09      21.231   2.354     1.118      54.851       0.242       2.888
   4   380.830        9.35    0.550   740.209      739.660      -0.07      21.223   2.416     0.977      69.849       0.276       2.471
   5   379.330        9.37    0.542   740.224      739.682      -0.03      21.217   2.268     0.982      73.284       0.261       2.416
   6   377.910        8.06    0.480   740.195      739.716       0.04      21.216   2.296     1.213      73.480       0.223       2.395
   7   377.100        7.22    0.431   740.111      739.680       0.00      21.216   2.659     1.429      73.594       0.177       2.479
 tratto            3
   0   373.600        7.14    0.402   738.949      738.546       0.09      21.216   2.409     1.034    ********       0.308       3.601
   1   372.100        9.39    0.540   738.882      738.342      -0.09      21.103   2.822     0.976      75.754       0.325       3.618
   2   355.600        8.71    0.510   738.755      738.245       0.07      21.102   2.264     1.083      76.322       0.242       3.255
   3   330.100        7.43    0.417   738.325      737.908       0.14      21.098   2.458     1.403      76.603       0.213       2.915
   4   306.100        8.45    0.470   737.768      737.298      -0.09      21.101   2.801     1.163      65.137       0.287       2.752
   5   304.600        8.95    0.496   737.832      737.336      -0.03      21.100   2.482     1.069      66.474       0.266       2.638
   6   303.300        8.99    0.498   737.850      737.351       0.00      21.106   2.355     1.062      66.344       0.265       2.580
   7   302.490        8.21    0.456   737.806      737.350       0.00      21.397   2.337     1.233      63.175       0.153       2.624
 tratto            4
   0   300.980        6.25    0.348   736.680      736.332       0.00      21.121   2.459     1.175    ********       0.315       3.710
   1   299.480        8.20    0.457   736.579      736.123      -0.18      20.997   3.257     1.209      68.421       0.322       3.761
   2   272.480        8.09    0.455   736.379      735.925       0.03      20.998   2.563     1.229      68.504       0.249       3.181
   3   251.480        8.37    0.477   736.058      735.581       0.01      20.997   2.587     1.160      69.339       0.258       2.882
   4   228.980        9.25    0.527   735.790      735.263       0.03      20.996   2.470     0.999      68.576       0.282       2.490
   5   227.480        8.50    0.483   735.818      735.336       0.13      20.997   2.290     1.135      67.024       0.237       2.422
   6   226.450        6.59    0.385   735.735      735.350       0.16      20.997   2.526     1.640      66.974       0.174       2.475
   7   225.640        5.50    0.325   735.515      735.190       0.00      20.997   3.240     2.136      66.953       0.226       2.695
 tratto            5
   0   224.130        6.43    0.368   734.340      733.972      -0.09      20.997   2.436     1.119    ********       0.332       3.830
   1   222.630        8.31    0.481   734.234      733.753      -0.29      20.895   3.156     1.157      69.025       0.318       3.906
   2   201.630        8.00    0.462   734.078      733.616      -0.05      20.897   2.524     1.228      69.412       0.248       3.432
   3   179.130        8.24    0.480   733.702      733.222      -0.06      20.895   2.605     1.169      76.019       0.269       3.098
   4   155.130        8.08    0.470   733.352      732.882       0.02      20.893   2.541     1.205      81.487       0.256       2.688
   5   153.630        7.96    0.464   733.311      732.847       0.01      20.892   2.591     1.230      81.699       0.257       2.689
   6   152.760        7.76    0.453   733.286      732.833       0.01      20.892   2.631     1.277      81.717       0.262       2.684
   7   151.950        7.39    0.432   733.252      732.820       0.00      20.892   2.705     1.372      81.723       0.180       2.718
 tratto            6
   0   150.440        6.45    0.376   731.998      731.622      -0.04      20.892   2.431     1.154    ********       0.339       3.932
   1   148.940        8.18    0.474   731.889      731.415      -0.22      20.766   3.133     1.177      84.052       0.326       3.991
   2   129.440        8.01    0.460   731.707      731.247      -0.03      20.768   2.543     1.221      84.564       0.260       3.603
   3   105.440        7.94    0.461   731.287      730.826      -0.01      20.767   2.595     1.230      88.991       0.265       3.323
   4    79.940        7.65    0.431   730.829      730.397       0.03      20.766   2.625     1.320      91.446       0.253       3.031
   5    78.440        7.80    0.447   730.776      730.329      -0.01      20.765   2.710     1.272      91.059       0.273       3.034
   6    77.320        7.65    0.438   730.769      730.330       0.01      20.765   2.668     1.309      91.059       0.269       3.011
   7    76.510        7.33    0.420   730.740      730.320       0.00      20.765   2.726     1.395      91.061       0.182       3.040
 tratto            7
   0    75.000        5.88    0.324   730.224      729.900       0.68      20.765   2.540     0.288    ********       0.085       3.516
   1    73.500        7.73    0.453   730.183      729.730       0.52      20.622   3.401     1.265      85.082       0.341       3.507
   2    46.500        8.58    0.475   729.947      729.472       0.27      20.595   2.634     1.111      82.872       0.241       2.983
   3    24.000       10.51    0.559   729.786      729.226       0.05      20.627   2.325     0.838      28.174       0.222       2.504
   4     0.000        9.99    0.521   729.691      729.170       0.00      20.652   1.980     0.915       9.590       0.185       1.919
 -1
briglia  1 scavo  0.619 salto  2.18
briglia  2 scavo  0.595 salto  1.73
briglia  3 scavo  0.590 salto  1.61
briglia  4 scavo  0.591 salto  1.81
briglia  5 scavo  0.594 salto  1.79
briglia  6 scavo  0.539 salto  0.96
