  52
        52          T 
    513.53           7
     0.000    747.27000     55.00000
     0.930    743.20628     29.00000
     7.190    743.18628     34.00000
    12.590    743.16628     29.00000
    18.080    743.14628     29.00000
    18.910    743.14628     55.00000
    20.070    747.28000     55.00000
        51          T 
    495.53           7
     0.000    746.59000     55.00000
     0.940    742.68093     29.00000
     7.200    742.67093     34.00000
    12.600    742.65093     29.00000
    13.160    742.64093     29.00000
    18.940    742.64093     55.00000
    20.040    746.60000     55.00000
        50          T 
    474.53           7
     0.000    745.80000     55.00000
     0.950    742.45280     29.00000
     7.210    742.44280     34.00000
     7.430    742.43280     34.00000
    12.620    742.43280     29.00000
    18.980    742.43280     55.00000
    20.020    745.81000     55.00000
        49          T 
    453.53           7
     0.000    745.01000     55.00000
     0.960    742.24724     29.00000
     1.690    742.23724     29.00000
     8.420    742.23724     34.00000
    11.420    742.23724     29.00000
    19.020    742.23724     55.00000
    19.990    745.02000     55.00000
        48          T 
    452.03           7
     0.000    744.95000     55.00000
     0.960    742.21263     29.00000
     1.280    742.21263     29.00000
     8.420    742.21263     34.00000
    11.420    742.21263     29.00000
    19.020    742.21263     55.00000
    19.990    744.96000     55.00000
        47          T 
    450.86           6
     0.000    744.91000     55.00000
     0.960    742.20599     29.00000
     8.420    742.20599     34.00000
    11.420    742.20599     29.00000
    19.020    742.20599     55.00000
    19.990    744.92000     55.00000
        46          F 
    449.85           8
     0.000    744.91000     55.00000
     0.960    742.20000     55.00000
     8.420    742.20000     55.00000
     8.940    742.20000     55.00000
    10.900    742.20000     55.00000
    11.420    742.20000     55.00000
    19.020    742.20000     55.00000
    19.990    744.92000     55.00000
        52          T 
    448.33           7
     0.000    744.86000     26.96854
     0.970    740.59183     26.96854
     1.340    740.59183     26.96854
     5.420    740.59183     26.96854
    10.830    740.59183     26.96854
    19.020    740.59183     26.96854
    19.990    744.87000     26.96854
        51          T 
    446.83           7
     0.000    744.81000     55.00000
     0.970    740.34672     29.00000
     1.720    740.34672     29.00000
     5.420    740.34672     34.00000
    10.830    740.34672     29.00000
    19.020    740.34672     55.00000
    20.000    744.82000     55.00000
        50          T 
    427.33           7
     0.000    744.18000     55.00000
     1.050    740.31171     29.00000
     6.620    740.29171     29.00000
     7.190    740.29171     34.00000
    12.590    740.29171     29.00000
    19.030    740.29171     55.00000
    20.060    744.20000     55.00000
        49          T 
    404.83           7
     0.000    743.46000     55.00000
     1.140    740.07512     29.00000
     5.370    740.05512     34.00000
    12.290    740.04512     34.00000
    16.120    740.04512     29.00000
    19.050    740.04512     55.00000
    20.130    743.48000     55.00000
        48          T 
    380.83           7
     0.000    742.68000     55.00000
     1.240    739.71116     29.00000
     5.350    739.69116     34.00000
    16.040    739.67116     29.00000
    18.330    739.65116     29.00000
    19.060    739.65116     55.00000
    20.200    742.71000     55.00000
        47          T 
    379.33           7
     0.000    742.64000     55.00000
     1.240    739.72451     29.00000
     5.350    739.70451     34.00000
    16.040    739.68451     29.00000
    18.700    739.67451     29.00000
    19.060    739.67451     55.00000
    20.210    742.67000     55.00000
        46          T 
    377.91           6
     0.000    742.59000     55.00000
     1.250    739.77109     35.00000
     5.720    739.75109     34.00000
    16.030    739.73109     35.00000
    19.060    739.71109     55.00000
    20.210    742.62000     55.00000
        45          F 
    377.10           4
     0.000    742.59000     55.00000
     1.250    739.74000     55.00000
    19.060    739.68000     55.00000
    20.210    742.62000     55.00000
        52          T 
    373.60           7
     0.000    742.55000     28.71566
     1.250    738.58492     28.71566
     3.560    738.52492     28.71566
    12.470    738.52492     28.71566
    18.680    738.52492     28.71566
    19.060    738.52492     28.71566
    20.210    742.57000     28.71566
        51          T 
    372.10           7
     0.000    742.50000     55.00000
     1.240    738.37370     35.00000
     3.560    738.34370     34.00000
    12.470    738.32370     29.00000
    18.310    738.31370     29.00000
    19.060    738.31370     55.00000
    20.210    742.53000     55.00000
        50          T 
    355.60           7
     0.000    742.01000     55.00000
     1.210    738.28780     35.00000
     1.780    738.27780     34.00000
     8.910    738.26780     29.00000
    14.180    738.25780     29.00000
    19.030    738.23780     55.00000
    20.190    742.03000     55.00000
        49          T 
    330.10           7
     0.000    741.24000     55.00000
     1.160    737.94802     35.00000
     1.780    737.94802     34.00000
     7.810    737.92802     34.00000
     8.920    737.92802     29.00000
    19.000    737.92802     55.00000
    20.150    741.25000     55.00000
        48          T 
    306.10           6
     0.000    740.52000     55.00000
     1.120    737.30607     34.00000
     1.810    737.29607     34.00000
    12.490    737.29607     29.00000
    18.960    737.29607     55.00000
    20.120    740.52000     55.00000
        47          T 
    304.60           6
     0.000    740.48000     55.00000
     1.110    737.33512     34.00000
     1.440    737.33512     34.00000
    14.280    737.33512     29.00000
    18.960    737.33512     55.00000
    20.120    740.47000     55.00000
        46          T 
    303.30           5
     0.000    740.44000     55.00000
     1.110    737.35101     34.00000
    16.070    737.35101     29.00000
    18.960    737.35101     55.00000
    20.120    740.43000     55.00000
        45          F 
    302.49           4
     0.000    740.44000     55.00000
     1.110    737.35000     55.00000
    18.960    737.35000     55.00000
    20.120    740.43000     55.00000
        52          T 
    300.98           7
     0.000    740.40000     29.20037
     1.110    736.32423     29.20037
     1.460    736.32423     29.20037
     3.570    736.32423     29.20037
    14.280    736.32423     29.20037
    18.960    736.32423     29.20037
    20.120    740.39000     29.20037
        51          T 
    299.48           7
     0.000    740.35000     55.00000
     1.110    736.12405     29.00000
     1.820    736.11405     29.00000
     7.140    736.11405     34.00000
    12.500    736.11405     29.00000
    18.960    736.11405     55.00000
    20.120    740.34000     55.00000
        50          T 
    272.48           7
     0.000    739.56000     55.00000
     1.110    735.94230     29.00000
     7.150    735.93230     34.00000
     8.180    735.92230     34.00000
    12.510    735.92230     29.00000
    18.980    735.92230     55.00000
    20.110    739.58000     55.00000
        49          T 
    251.48           7
     0.000    738.94000     55.00000
     1.100    735.61345     29.00000
     7.160    735.60345     34.00000
    12.530    735.59345     29.00000
    13.120    735.58345     29.00000
    19.000    735.58345     55.00000
    20.100    738.98000     55.00000
        48          T 
    228.98           7
     0.000    738.28000     55.00000
     1.100    735.30394     35.00000
     5.380    735.28394     34.00000
    14.340    735.27394     29.00000
    18.420    735.26394     29.00000
    19.020    735.26394     55.00000
    20.090    738.34000     55.00000
        47          T 
    227.48           6
     0.000    738.24000     55.00000
     1.100    735.37698     35.00000
     3.580    735.35698     34.00000
    18.780    735.33698     34.00000
    19.020    735.33698     55.00000
    20.090    738.30000     55.00000
        46          T 
    226.45           4
     0.000    738.21000     55.00000
     1.100    735.39058     34.00000
    19.020    735.35058     55.00000
    20.090    738.27000     55.00000
        45          F 
    225.64           4
     0.000    738.21000     55.00000
     1.100    735.23000     55.00000
    19.020    735.19000     55.00000
    20.090    738.27000     55.00000
        52          T 
    224.13           6
     0.000    738.17000     27.45354
     0.000    738.05583     27.45354
     1.100    733.99583     27.45354
     1.790    733.97583     27.45354
    19.010    733.95583     27.45354
    20.090    738.22000     27.45354
        51          T 
    222.63           9
     0.000    738.14000     55.00000
     0.000    737.80721     55.00000
     1.100    733.77721     29.00000
     7.160    733.76721     34.00000
     8.960    733.75721     29.00000
    12.540    733.74721     34.00000
    16.120    733.74721     35.00000
    19.010    733.73721     55.00000
    20.090    738.18000     55.00000
        50          T 
    201.63           9
     0.000    737.64000     55.00000
     0.000    737.29704     55.00000
     1.060    733.63704     29.00000
     5.360    733.62704     34.00000
     7.150    733.61704     29.00000
    12.520    733.60704     34.00000
    14.300    733.60704     35.00000
    18.940    733.59704     55.00000
    20.050    737.51000     55.00000
        49          T 
    179.13           9
     0.000    737.10000     55.00000
     0.000    736.51765     55.00000
     1.030    733.24765     29.00000
     5.350    733.23765     34.00000
     8.920    733.22765     29.00000
    14.260    733.22765     34.00000
    16.050    733.21765     35.00000
    18.860    733.20765     55.00000
    20.010    736.80000     55.00000
        48          T 
    155.13           8
     0.000    736.53000     55.00000
     0.000    735.77035     55.00000
     0.990    732.92035     34.00000
     3.560    732.91035     29.00000
    12.450    732.90035     34.00000
    14.230    732.89035     29.00000
    18.780    732.88035     55.00000
    19.970    736.04000     55.00000
        47          T 
    153.63           8
     0.000    736.49000     55.00000
     0.000    735.70601     55.00000
     0.990    732.88601     34.00000
     5.330    732.87601     35.00000
    10.670    732.86601     34.00000
    14.220    732.85601     29.00000
    18.770    732.84601     55.00000
    19.970    736.00000     55.00000
        46          T 
    152.76           8
     0.000    736.47000     55.00000
     0.000    735.68212     55.00000
     0.990    732.87212     34.00000
     5.330    732.86212     35.00000
    10.670    732.85212     34.00000
    14.220    732.84212     29.00000
    18.770    732.83212     55.00000
    19.970    735.97000     55.00000
        45          F 
    151.95           5
     0.000    736.47000     55.00000
     0.000    735.67000     55.00000
     0.990    732.86000     55.00000
    18.770    732.82000     55.00000
    19.970    735.97000     55.00000
        52          T 
    150.44           7
     0.000    736.43000     26.74059
     0.000    735.58925     26.74059
     1.000    731.62925     26.74059
     3.800    731.62925     26.74059
    11.390    731.60925     26.74059
    18.780    731.59925     26.74059
    19.980    735.93000     26.74059
        51          T 
    148.94           8
     0.000    736.39000     55.00000
     0.000    735.39117     55.00000
     1.000    731.43117     34.00000
     1.780    731.42117     22.00000
     8.900    731.41117     34.00000
    14.240    731.40117     29.00000
    18.800    731.39117     55.00000
    19.990    735.88000     55.00000
        50          T 
    129.44           8
     0.000    735.90000     55.00000
     0.000    735.29149     55.00000
     1.070    731.27149     34.00000
     1.790    731.25149     22.00000
    10.740    731.25149     34.00000
    14.320    731.24149     29.00000
    18.970    731.23149     55.00000
    20.120    735.31000     55.00000
        49          T 
    105.44           8
     0.000    735.29000     55.00000
     0.000    734.96902     55.00000
     1.150    730.85902     34.00000
     1.800    730.84902     22.00000
    10.820    730.84902     34.00000
    14.430    730.83902     29.00000
    19.190    730.81902     55.00000
    20.280    734.61000     55.00000
        48          T 
    79.940           8
     0.000    734.65000     55.00000
     0.000    734.64724     55.00000
     1.240    730.43724     34.00000
     1.820    730.42724     29.00000
     9.090    730.40724     34.00000
    14.540    730.40724     35.00000
    19.420    730.39724     55.00000
    20.450    733.86000     55.00000
        47          T 
    78.440           9
     0.000    734.61000     55.00000
     0.000    734.58884     55.00000
     1.250    730.36884     35.00000
     1.820    730.36884     34.00000
     3.640    730.34884     29.00000
     9.090    730.35884     34.00000
    16.360    730.33884     35.00000
    19.430    730.32884     55.00000
    20.460    733.81000     55.00000
        46          T 
    77.320           8
     0.000    734.58000     55.00000
     1.250    730.37012     35.00000
     1.820    730.37012     34.00000
     3.640    730.35012     29.00000
     9.100    730.36012     34.00000
    16.370    730.34012     35.00000
    19.440    730.33012     55.00000
    20.470    733.78000     55.00000
        45          F 
    76.510           4
     0.000    734.58000     55.00000
     1.250    730.36000     55.00000
    19.440    730.32000     55.00000
    20.470    733.78000     55.00000
        52          T 
    75.000           8
     0.000    734.52000    113.93872
     1.240    730.03343    113.93872
     3.640    729.99343    113.93872
     7.280    729.99343    113.93872
    10.930    729.99343    113.93872
    14.570    729.99343    113.93872
    19.450    729.99343    113.93872
    20.470    733.74000    113.93872
        51          T 
    73.500           8
     0.000    734.46000     55.00000
     1.230    729.87114     29.00000
     3.640    729.87114     34.00000
     7.290    729.87114     29.00000
    10.930    729.87114     34.00000
    14.580    729.82114     35.00000
    19.450    729.82114     55.00000
    20.480    733.69000     55.00000
        50          T 
    46.500           6
     0.000    733.43000     55.00000
     1.060    729.61894     29.00000
     7.400    729.61894     34.00000
    12.960    729.58894     35.00000
    19.570    729.58894     55.00000
    20.540    732.93000     55.00000
        49          T 
    24.000           6
     0.000    732.56000     55.00000
     0.920    729.30800     29.00000
     7.500    729.28800     34.00000
    16.880    729.28800     35.00000
    19.670    729.28800     55.00000
    20.590    732.29000     55.00000
        48          T 
    0.0000           6
     0.000    731.64000     55.00000
     0.770    729.17000     29.00000
     5.700    729.17000     34.00000
    15.210    729.17000     35.00000
    19.780    729.17000     55.00000
    20.650    731.61000     55.00000
